1 0.5373384691848908 0.5099403578528827 0.11965705765407555 0.22067594433399612
1 0.4154448310139165 0.3240556660039761 0.0905815109343937 0.17495029821073557
1 0.5893389662027834 0.22962226640159045 0.0782803180914513 0.12524850894632208
1 0.4271868787276343 0.10437375745526839 0.04473161033797218 0.05765407554671968
1 0.4014662027833002 0.021868787276341946 0.022365805168986057 0.03976143141153081
1 0.46241302186878724 0.06560636182902585 0.02348409542743532 0.05168986083499006
1 0.42550944333996027 0.055666003976143144 0.016774353876739524 0.047713717693836984
1 0.42662773359840955 0.015904572564612328 0.019010934393638122 0.023856858846918492
1 0.4601764413518887 0.018886679920477135 0.02795725646123259 0.03777335984095427
0 0.5440482107355865 0.09840954274353876 0.02572067594433406 0.05765407554671967
