1 0.30137922465208755 0.517892644135189 0.09505467196819087 0.22465208747514914
1 0.549639662027833 0.6133200795228628 0.13978628230616302 0.23260437375745524
1 0.8241799204771373 0.8896620278330019 0.194582504970179 0.22067594433399607
1 0.5194458250497018 0.2892644135188867 0.1084741550695825 0.19681908548707758
1 0.3947564612326043 0.21669980119284296 0.04920477137176938 0.09145129224652092
1 0.4417246520874752 0.1431411530815109 0.03802186878727632 0.05964214711729619
1 0.42886431411530823 0.06858846918489066 0.02348409542743532 0.04970178926441353
1 0.3919607355864811 0.055666003976143144 0.021247514910536794 0.02783300198807158
1 0.41544483101391655 0.0268389662027833 0.032430417495029784 0.021868787276341946
1 0.48086481113320084 0.03479125248508946 0.01565606361829026 0.049701789264413515
0 0.5982852882703777 0.1699801192842942 0.10735586481113323 0.16898608349900596
