1 0.1297216699801193 0.2892644135188867 0.07380715705765407 0.13717693836978131
1 0.3589711729622266 0.22962226640159045 0.06709741550695832 0.11332007952286283
1 0.27342196819085485 0.1481113320079523 0.06597912524850895 0.10139165009940358
1 0.501553180914513 0.2117296222664016 0.06150596421471171 0.09741550695825048
1 0.4864562624254473 0.11133200795228629 0.044731610337972114 0.07952286282306162
1 0.42439115308151093 0.10636182902584494 0.04808648111332005 0.06163021868787277
0 0.6200919483101391 0.2147117296222664 0.11742047713717682 0.20278330019880714
0 0.5384567594433399 0.09244532803180915 0.05032306163021872 0.07753479125248511
0 0.04976391650099404 0.21968190854870773 0.09952783300198809 0.1570576540755467
0 0.2560884691848907 0.04473161033797217 0.04920477137176938 0.06163021868787275
