1 0.345551689860835 0.31113320079522866 0.07604373757455278 0.16500994035785285
1 0.5228006958250497 0.24950298210735586 0.09058151093439364 0.09741550695825048
1 0.4892519880715706 0.13916500994035785 0.02795725646123259 0.07554671968190854
1 0.421036282306163 0.1312127236580517 0.03914015904572565 0.09145129224652088
1 0.39531560636182905 0.05765407554671968 0.030193836978131258 0.07554671968190854
1 0.4350149105367794 0.06262425447316103 0.040258449304174986 0.049701789264413515
1 0.20632455268389663 0.20377733598409542 0.08387176938369781 0.11332007952286283
1 0.28236829025844934 0.12226640159045726 0.04137673956262429 0.07355864811133202
1 0.3382828031809146 0.02584493041749503 0.03690357852882706 0.047713717693836984
0 0.6402211729622266 0.25646123260437376 0.11294731610337969 0.2504970178926441
0 0.5390159045725647 0.11033797216699803 0.058151093439363845 0.10536779324055667
0 0.5121769383697814 0.0536779324055666 0.06933399602385684 0.09145129224652088
0 0.077162027833002 0.17495029821073557 0.1319582504970179 0.2306163021868787
0 0.2840457256461233 0.02882703777335984 0.05144135188866798 0.05765407554671968
