1 0.32542246520874757 0.35288270377733594 0.0827534791252485 0.20079522862823063
1 0.5093812127236581 0.2882703777335984 0.06597912524850898 0.12723658051689862
1 0.49484343936381714 0.17395626242544732 0.052559642147117246 0.1411530815109344
1 0.41768141153081517 0.12823061630218688 0.04361332007952285 0.04970178926441353
1 0.432219184890656 0.07852882703777336 0.04584990059642144 0.05765407554671968
1 0.396993041749503 0.06461232604373757 0.03131212723658052 0.053677932405566606
1 0.47359592445328036 0.0536779324055666 0.045849900596421446 0.06759443339960239
1 0.22253976143141152 0.16600397614314116 0.07157057654075547 0.11332007952286283
1 0.2762176938369782 0.08548707753479125 0.03578528827037775 0.04771371769383698
1 0.03243041749502982 0.3520874721155489 0.06486083499005964 0.09105368399951849
0 0.10567842942345926 0.1441351888667992 0.14202286282306165 0.20874751491053678
0 0.27509940357852886 0.02385685884691849 0.02907554671968196 0.035785288270377726
0 0.6446943339960239 0.25844930417495027 0.13531312127236575 0.21471172962226642
0 0.5378976143141153 0.10934393638170974 0.044731610337972114 0.09145129224652089
0 0.5177683896620279 0.03976143141153082 0.03578528827037772 0.051689860834990074
