1 0.08666749502982107 0.37077534791252487 0.0816351888667992 0.19284294234592445
1 0.25944333996023855 0.15705765407554673 0.055914512922465215 0.07554671968190854
1 0.321508449304175 0.05168986083499005 0.036903578528827016 0.07157057654075547
0 0.25161530815109345 0.05268389662027832 0.04920477137176938 0.073558648111332
0 0.06206510934393638 0.1900596391135608 0.12413021868787276 0.1216699740521713
0 0.6072316103379722 0.20675944333996024 0.09617296222664024 0.2465208747514911
0 0.5345427435387674 0.09940357852882703 0.05144135188866805 0.07952286282306165
1 0.49428429423459247 0.17693836978131217 0.03802186878727632 0.07554671968190857
1 0.358412027833002 0.19880715705765403 0.05703280318091451 0.1033797216699801
1 0.4780690854870776 0.10337972166998012 0.04584990059642152 0.06361829025844931
1 0.4238320079522863 0.10437375745526839 0.03578528827037772 0.05765407554671968
1 0.3975521868787276 0.05467196819085487 0.034666998011928456 0.033797216699801194
