1 0.09281809145129223 0.3240556660039761 0.09393638170974153 0.16699801192842945
1 0.36008946322067603 0.2117296222664016 0.046968190854870855 0.1013916500994036
1 0.48869284294234594 0.19383697813121273 0.058151093439363845 0.07355864811133202
1 0.4786282306163022 0.10536779324055667 0.046968190854870716 0.0675944333996024
1 0.4204771371769384 0.1073558648111332 0.05144135188866798 0.07554671968190854
1 0.2711853876739563 0.1540755467196819 0.05032306163021872 0.08548707753479125
0 0.6178553677932406 0.20377733598409542 0.11071073558648109 0.2286282306163022
0 0.5261555666003976 0.09642147117296222 0.06150596421471178 0.0974155069582505
0 0.2667122266401591 0.04771371769383698 0.09281809145129227 0.09542743538767395
0 0.05982852882703778 0.17992047713717693 0.09281809145129225 0.12127236580516898
