1 0.33884194831013914 0.331013916500994 0.0849900596421471 0.15705765407554673
1 0.5200049701789264 0.26143141153081506 0.10735586481113316 0.13320079522862824
1 0.49316600397614324 0.1431411530815109 0.03578528827037779 0.09542743538767395
1 0.4283051689860835 0.12624254473161034 0.04473161033797218 0.07753479125248511
1 0.45793986083499005 0.04572564612326044 0.023484095427435393 0.07157057654075548
1 0.20800198807157058 0.1878727634194831 0.05144135188866802 0.10934393638170974
1 0.28684145129224653 0.110337972166998 0.034666998011928386 0.06560636182902584
1 0.39978876739562624 0.0536779324055666 0.03914015904572565 0.05168986083499006
0 0.6469309145129225 0.28727634194831014 0.11518389662027823 0.30019880715705766
0 0.5406933399602386 0.10536779324055667 0.052559642147117315 0.09542743538767397
0 0.5082629224652088 0.05168986083499005 0.03690357852882698 0.08747514910536779
0 0.08778578528827037 0.17296222664015903 0.1308399602385686 0.18290258449304173
0 0.2711853876739563 0.03578528827037773 0.04584990059642144 0.055666003976143144
0 0.7677062624254474 0.3558648111332008 0.03690357852882698 0.11133200795228625
