1 0.16886182902584493 0.23558648111332012 0.0738071570576541 0.11729622266401594
1 0.27789512922465215 0.11332007952286283 0.06597912524850895 0.06759443339960237
1 0.3561754473161034 0.25347912524850896 0.05479622266401599 0.10536779324055669
1 0.4959617296222665 0.2107355864811133 0.06150596421471171 0.08747514910536779
1 0.48813369781312127 0.13717693836978131 0.04137673956262418 0.09940357852882706
1 0.4210362823061631 0.1172962226640159 0.03019383697813119 0.059642147117296214
0 0.6318339960238568 0.23956262425447314 0.1118290258449305 0.2842942345924453
0 0.06597912524850895 0.2109343906046145 0.1319582504970179 0.19920476530465644
0 0.5345427435387674 0.10437375745526839 0.04473161033797226 0.10934393638170974
0 0.2806908548707754 0.0268389662027833 0.06262425447316104 0.04572564612326044
0 0.73918986083499 0.3280318091451292 0.03131212723658052 0.1232604373757455
