1 0.2577659045725646 0.19284294234592445 0.08387176938369781 0.1073558648111332
1 0.03298956262425448 0.4504970148590877 0.06597912524850896 0.16143140546370213
1 0.36120775347912526 0.16898608349900596 0.04473161033797218 0.08349900596421471
1 0.4892519880715706 0.1640159045725646 0.05032306163021872 0.06958250497017891
0 0.6055541749502982 0.1908548707753479 0.1017644135188867 0.2067594433399602
0 0.5278330019880716 0.08151093439363816 0.04249502982107359 0.08349900596421471
1 0.47806908548707755 0.09443339960238567 0.052559642147117315 0.06560636182902584
1 0.4232728628230616 0.10636182902584494 0.03914015904572565 0.0536779324055666
0 0.2488195825049702 0.057654075546719676 0.05703280318091451 0.08349900596421471
0 0.04249502982107356 0.24950298210735586 0.08499005964214712 0.22862823061630216
0 0.09169980119284293 0.18190854870775347 0.020129224652087475 0.06560636182902585
