1 0.3522614314115308 0.32306163021868783 0.0782803180914513 0.14910536779324055
1 0.4338966202783301 0.21669980119284296 0.06933399602385684 0.1073558648111332
1 0.5546719681908548 0.2624254473161034 0.05591451292246525 0.09940357852882706
0 0.6983722664015906 0.3508946322067594 0.1017644135188867 0.24453280318091447
0 0.6055541749502982 0.1699801192842942 0.09058151093439357 0.16898608349900596
1 0.48142395626242546 0.10039761431411531 0.034666998011928456 0.0536779324055666
1 0.5239189860834991 0.0805168986083499 0.03243041749502986 0.061630218687872766
1 0.4283051689860835 0.0536779324055666 0.03802186878727639 0.055666003976143144
1 0.3852509940357854 0.04373757455268389 0.021247514910536794 0.047713717693836984
1 0.46409045725646125 0.05168986083499005 0.020129224652087458 0.055666003976143144
