1 0.3405193836978131 0.38767395626242546 0.09281809145129223 0.1630218687872763
1 0.4305417495029822 0.23956262425447314 0.05144135188866805 0.10934393638170971
1 0.5569085487077534 0.2654075546719682 0.07380715705765412 0.0815109343936382
0 0.716824055666004 0.3807157057654076 0.13419483101391663 0.2763419483101392
0 0.6038767395626243 0.16003976143141152 0.09169980119284298 0.17693836978131214
1 0.5261555666003976 0.08747514910536779 0.02572067594433406 0.05566600397614315
1 0.4803056660039762 0.11332007952286283 0.03690357852882706 0.05964214711729623
1 0.39867047713717696 0.04870775347912525 0.032430417495029784 0.04572564612326044
1 0.42662773359840955 0.055666003976143144 0.02124751491053672 0.02783300198807158
1 0.47135934393638174 0.06759443339960239 0.034666998011928456 0.039761431411530816
