1 0.3120029821073559 0.4632206759443341 0.08499005964214713 0.18687872763419486
1 0.5485213717693838 0.5417495029821073 0.11294731610337977 0.2127236580516898
1 0.5026714711729623 0.2644135188866799 0.07268886679920478 0.15109343936381714
1 0.4009070576540756 0.21868787276341947 0.05479622266401592 0.10337972166998015
1 0.44284294234592453 0.15208747514910537 0.04249502982107352 0.09343936381709743
0 0.8040506958250497 0.8101391650099404 0.19681908548707738 0.30815109343936387
1 0.3919607355864811 0.055666003976143144 0.02572067594433399 0.0636182902584493
1 0.4277460238568589 0.06858846918489066 0.02795725646123259 0.061630218687872766
1 0.4791873757455269 0.030815109343936383 0.030193836978131258 0.029821073558648114
0 0.61058648111332 0.18588469184890655 0.1319582504970179 0.23260437375745524
