1 0.5317470178926442 0.81610337972167 0.19346421471172967 0.3359840954274354
1 0.6659418489065607 0.4811133200795228 0.12413021868787269 0.15506958250497022
1 0.5261555666003978 0.35487077534791256 0.08387176938369784 0.13320079522862818
1 0.34890656063618297 0.2952286282306163 0.06038767395626245 0.11332007952286287
1 0.49092942345924456 0.18687872763419486 0.058151093439363775 0.1033797216699801
1 0.41544483101391655 0.15904572564612326 0.04584990059642152 0.07952286282306163
1 0.4372514910536779 0.10636182902584494 0.04473161033797218 0.04970178926441353
1 0.4271868787276343 0.05864811133200795 0.03354870775347912 0.04970178926441351
1 0.39699304174950306 0.04572564612326044 0.026838966202783324 0.031809145129224656
0 0.6049950298210736 0.1709741550695825 0.1073558648111333 0.19880715705765406
