1 0.7196197813121273 0.584493041749503 0.1442594433399603 0.2147117296222664
1 0.5205641153081512 0.42842942345924456 0.0928180914512923 0.18489065606361826
1 0.3399602385685885 0.3648111332007952 0.07380715705765407 0.16103379721669978
1 0.4937251491053678 0.2166998011928429 0.06821570576540757 0.09940357852882702
1 0.4042619284294235 0.1640159045725646 0.04137673956262418 0.08548707753479126
1 0.4350149105367794 0.11829025844930417 0.040258449304174986 0.05765407554671967
1 0.42606858846918494 0.05467196819085487 0.03131212723658052 0.041749502982107355
1 0.39643389662027834 0.05168986083499005 0.023484095427435393 0.04771371769383698
1 0.4791873757455269 0.027833001988071572 0.02795725646123259 0.04373757455268389
0 0.59493041749503 0.1709741550695825 0.10959244532803183 0.21471172962226642
