1 0.3209493041749504 0.4582504970178926 0.07380715705765403 0.24055666003976142
1 0.5216824055666004 0.3220675944333996 0.059269383697813115 0.15109343936381708
1 0.04529075546719683 0.5119284294234593 0.09058151093439365 0.21669980119284296
1 0.04361332007952286 0.32604373757455263 0.08722664015904572 0.12326043737574548
1 0.23595924453280318 0.14314115308151093 0.05144135188866802 0.1073558648111332
0 0.13699055666003976 0.15904572564612324 0.12413021868787276 0.1709741550695825
0 0.6586729622266401 0.29821073558648115 0.14761431411530807 0.28230616302186884
1 0.49987574552683894 0.1709741550695825 0.04249502982107352 0.13518886679920478
1 0.41600397614314116 0.13320079522862824 0.04473161033797218 0.11928429423459244
1 0.28907803180914515 0.09145129224652088 0.03466699801192842 0.09940357852882703
1 0.39307902584493043 0.04572564612326044 0.02572067594433406 0.04373757455268389
1 0.46632703777335993 0.046719681908548714 0.03131212723658045 0.06163021868787277
0 0.549639662027833 0.10934393638170974 0.05479622266401592 0.07952286282306162
0 0.5155318091451292 0.05168986083499006 0.040258449304174986 0.07952286282306163
