1 0.5440482107355865 0.8628230616302187 0.17557157057654074 0.2743538767395626
1 0.35785288270377735 0.279324055666004 0.06933399602385684 0.1292246520874752
1 0.4529075546719682 0.1779324055666004 0.058151093439363775 0.073558648111332
1 0.47135934393638174 0.08946322067594434 0.032430417495029784 0.06759443339960239
1 0.4283051689860835 0.04075546719681908 0.026838966202783324 0.04572564612326043
1 0.5037897614314116 0.020874751491053677 0.02795725646123259 0.041749502982107355
1 0.4775099403578529 0.021868787276341946 0.01789264413518879 0.03578528827037774
1 0.45458499005964215 0.024850894632206764 0.02795725646123266 0.04174950298210736
0 0.6340705765407556 0.2654075546719682 0.15208747514910534 0.2803180914512923
0 0.21135685884691852 0.1550695825049702 0.04025844930417495 0.09940357852882706
