1 0.5378976143141153 0.7117296222664016 0.13866799204771374 0.27833001988071565
1 0.6536406560636183 0.4532803180914513 0.1062375745526839 0.17495029821073557
1 0.5250372763419483 0.331013916500994 0.09281809145129223 0.14910536779324057
1 0.35170228628230615 0.2753479125248509 0.06150596421471171 0.1013916500994036
1 0.601081013916501 0.16600397614314116 0.11742047713717696 0.1650099403578529
1 0.487015407554672 0.1709741550695825 0.059269383697813115 0.10337972166998012
1 0.41208996023856864 0.15407554671968193 0.03690357852882698 0.10536779324055667
1 0.4344557654075547 0.10139165009940357 0.03914015904572565 0.05168986083499005
1 0.42662773359840955 0.048707753479125246 0.02572067594433399 0.03777335984095428
1 0.3958747514910537 0.04373757455268389 0.01565606361829019 0.03180914512922465
