1 0.36232604373757454 0.2524850894632207 0.08275347912524843 0.15506958250497022
1 0.5088220675944334 0.20874751491053675 0.04473161033797218 0.11928429423459243
1 0.421036282306163 0.11630218687872762 0.03914015904572565 0.06163021868787275
1 0.4898111332007953 0.13916500994035785 0.05591451292246525 0.09542743538767397
1 0.3975521868787276 0.05964214711729623 0.034666998011928456 0.07952286282306163
1 0.46241302186878724 0.05069582504970179 0.03914015904572565 0.033797216699801194
1 0.1576789264413519 0.268389662027833 0.07604373757455267 0.1272365805168986
1 0.27845427435387676 0.13320079522862824 0.04249502982107355 0.07554671968190854
0 0.6307157057654076 0.22664015904572565 0.10959244532803197 0.2664015904572564
0 0.5328653081510935 0.09145129224652088 0.03690357852882698 0.07157057654075545
0 0.05703280318091451 0.22564612326043737 0.09840954274353876 0.2246520874751491
0 0.2678305168986084 0.046719681908548714 0.08610834990059643 0.06163021868787277
