1 0.5499067164179103 0.7201492537313433 0.167910447761194 0.31343283582089554
1 0.4045592350746269 0.4039179104477612 0.08920242537313428 0.19962686567164173
1 0.6076259328358209 0.2677238805970149 0.08395522388059704 0.11380597014925371
1 0.4307952425373135 0.11940298507462685 0.043027052238806006 0.0708955223880597
1 0.46909981343283574 0.08115671641791045 0.03568097014925378 0.06156716417910448
1 0.43184468283582084 0.05690298507462686 0.038829291044776115 0.03917910447761194
1 0.4607042910447761 0.027052238805970144 0.027285447761194064 0.05410447761194029
0 0.5483325559701493 0.09701492537313433 0.030433768656716324 0.07089552238805968
1 0.3998367537313433 0.021455223880597014 0.020988805970149186 0.020522388059701493
1 0.42869636194029853 0.018656716417910446 0.02413712686567166 0.01119402985074627
