1 0.046968190854870764 0.4055666003976144 0.09393638170974156 0.17495029821073557
1 0.25497017892644136 0.18190854870775347 0.05144135188866802 0.12524850894632208
1 0.48701540755467193 0.18389662027833004 0.04361332007952278 0.0974155069582505
1 0.3757455268389663 0.19383697813121273 0.06486083499005964 0.10934393638170974
1 0.4238320079522863 0.11232604373757457 0.04473161033797218 0.0815109343936382
1 0.475832504970179 0.10238568588469185 0.04137673956262425 0.0775347912524851
0 0.6077907554671969 0.18190854870775347 0.0928180914512923 0.18091451292246521
0 0.527273856858847 0.0904572564612326 0.05479622266401584 0.11332007952286281
0 0.24937872763419486 0.060636182902584504 0.06709741550695825 0.10536779324055667
0 0.05759194831013916 0.2278329989545151 0.06821570576540756 0.153479119181396
