1 0.39826259328358204 0.4356343283582089 0.10179570895522388 0.17723880597014918
1 0.5525303171641791 0.8498134328358209 0.20044309701492538 0.30037313432835816
1 0.6139225746268657 0.3069029850746269 0.11963619402985082 0.1361940298507463
1 0.42817164179104483 0.11380597014925374 0.039878731343283604 0.06716417910447761
1 0.47277285447761197 0.09328358208955224 0.038829291044776115 0.06343283582089553
1 0.4260727611940298 0.058768656716417914 0.029384328358208974 0.03917910447761194
1 0.39878731343283585 0.022388059701492536 0.02098880597014926 0.0373134328358209
1 0.427646921641791 0.01958955223880597 0.022038246268656678 0.027985074626865673
1 0.4607042910447761 0.01958955223880597 0.027285447761194064 0.03917910447761194
0 0.5504314365671642 0.10634328358208954 0.04512593283582085 0.08955223880597014
