1 0.33940109343936387 0.341948310139165 0.0793986083499006 0.15904572564612318
1 0.41991799204771374 0.2286282306163022 0.05032306163021872 0.15109343936381708
1 0.5518762425447317 0.2753479125248509 0.07268886679920478 0.1650099403578529
1 0.4780690854870776 0.13518886679920478 0.02795725646123259 0.09542743538767397
1 0.5306287276341948 0.07455268389662027 0.034666998011928386 0.029821073558648114
1 0.3919607355864811 0.047713717693836984 0.02572067594433399 0.027833001988071572
1 0.4724776341948311 0.07057654075546721 0.03690357852882706 0.03777335984095427
1 0.42774602385685884 0.05666003976143141 0.02572067594433399 0.03379721669980119
0 0.6072316103379722 0.1550695825049702 0.10511928429423463 0.16699801192842942
0 0.7017271371769384 0.36978131212723653 0.12636679920477142 0.25844930417495027
