1 0.38916500994035785 0.588469184890656 0.10511928429423463 0.31411530815109345
1 0.5339835984095429 0.23359840954274355 0.06597912524850891 0.1570576540755467
1 0.36791749502982113 0.20576540755467196 0.04920477137176938 0.13320079522862818
1 0.4322191848906561 0.1441351888667992 0.05479622266401592 0.06958250497017891
1 0.4803056660039762 0.09145129224652088 0.03019383697813119 0.06759443339960237
1 0.4652087475149106 0.053677932405566606 0.03802186878727638 0.02783300198807158
1 0.4333374751491054 0.059642147117296214 0.04361332007952285 0.04771371769383696
0 0.6905442345924453 0.2862823061630219 0.12860337972167002 0.17495029821073563
0 0.5988444333996025 0.1550695825049702 0.09058151093439364 0.16699801192842942
1 0.5339835984095428 0.060636182902584504 0.03914015904572565 0.04174950298210736
