1 0.7671471172962228 0.8031809145129225 0.20129224652087474 0.33797216699801197
1 0.4914885685884692 0.22862823061630216 0.04137673956262418 0.08747514910536776
1 0.5278330019880716 0.1779324055666004 0.04249502982107359 0.05367793240556661
1 0.4831013916500994 0.147117296222664 0.03802186878727632 0.05964214711729623
1 0.37910039761431413 0.11829025844930417 0.026838966202783324 0.05765407554671967
1 0.4232728628230616 0.08548707753479125 0.03243041749502986 0.06759443339960237
1 0.47359592445328036 0.0805168986083499 0.030193836978131258 0.04970178926441351
0 0.6016401590457257 0.16699801192842942 0.1140656063618291 0.17495029821073557
1 0.40202534791252487 0.019880715705765408 0.023484095427435393 0.039761431411530816
1 0.42662773359840955 0.020874751491053677 0.014537773359840998 0.041749502982107355
