1 0.24602385685884692 0.2017892644135189 0.07828031809145126 0.11332007952286284
1 0.3640034791252485 0.16699801192842942 0.05703280318091451 0.11530815109343936
1 0.4842196819085487 0.15705765407554673 0.058151093439363775 0.05964214711729625
1 0.4730367793240557 0.09642147117296222 0.04249502982107359 0.0536779324055666
1 0.42159542743538764 0.10536779324055667 0.03131212723658045 0.0675944333996024
0 0.6049950298210736 0.17495029821073557 0.1073558648111333 0.19085487077534793
0 0.5233598409542743 0.08449304174950298 0.05591451292246518 0.08548707753479125
0 0.03746272365805169 0.2514910536779324 0.05926938369781313 0.19681908548707752
0 0.23316351888667997 0.06063618290258448 0.06597912524850895 0.08946322067594431
1 0.3114438369781312 0.05666003976143141 0.021247514910536794 0.08548707753479125
1 0.38469184890656066 0.047713717693836984 0.03578528827037772 0.06361829025844931
