1 0.3550571570576541 0.30516898608349896 0.09058151093439365 0.18886679920477134
1 0.5093812127236581 0.23956262425447314 0.052559642147117315 0.10934393638170971
1 0.48533797216699803 0.1312127236580517 0.04249502982107359 0.08349900596421471
1 0.4204771371769384 0.1272365805168986 0.046968190854870785 0.08349900596421471
1 0.17948558648111335 0.22664015904572565 0.06150596421471173 0.147117296222664
1 0.27677683896620275 0.11928429423459243 0.06150596421471174 0.05964214711729623
1 0.4657678926441352 0.05268389662027834 0.032430417495029784 0.04970178926441353
1 0.3958747514910537 0.05964214711729623 0.040258449304174986 0.05964214711729623
0 0.6307157057654077 0.2455268389662028 0.11630218687872777 0.2047713717693837
0 0.5395750497017893 0.10636182902584493 0.06374254473161031 0.08548707753479125
0 0.06597912524850896 0.19781312127236583 0.10735586481113323 0.26441351888667997
0 0.27062624254473167 0.03479125248508946 0.03354870775347912 0.06958250497017893
