1 0.32542246520874757 0.4214711729622266 0.0805168986083499 0.18687872763419486
1 0.5373384691848906 0.49502982107355864 0.11294731610337969 0.194831013916501
1 0.7649105367793241 0.7326043737574552 0.165506958250497 0.2524850894632207
1 0.5043489065606361 0.24751491053677932 0.0805168986083499 0.14512922465208747
1 0.40761679920477145 0.19383697813121273 0.05032306163021872 0.08548707753479125
1 0.44060636182902585 0.1371769383697813 0.04249502982107359 0.0636182902584493
0 0.6044358846918491 0.18787276341948306 0.13083996023856861 0.26441351888667985
1 0.39475646123260444 0.04870775347912525 0.022365805168986057 0.04174950298210736
1 0.42886431411530823 0.06063618290258448 0.02572067594433399 0.04970178926441351
1 0.4825422465208748 0.027833001988071572 0.02795725646123259 0.019880715705765405
