1 0.3354870775347913 0.40059642147117297 0.0984095427435388 0.19284294234592447
1 0.5099403578528827 0.2932405566600398 0.060387673956262516 0.1451292246520875
1 0.49819831013916516 0.15904572564612326 0.04137673956262425 0.08747514910536779
1 0.42439115308151093 0.1272365805168986 0.041376739562624325 0.07952286282306162
1 0.22869035785288272 0.1640159045725646 0.04137673956262425 0.11729622266401592
1 0.29019632206759444 0.0934393638170974 0.05032306163021872 0.06361829025844928
1 0.04137673956262425 0.3431411500479545 0.0827534791252485 0.14075547326393206
1 0.03578528827037773 0.5558648080996442 0.07157057654075547 0.12882704384047272
0 0.09729125248508946 0.1451292246520875 0.19458250497017895 0.23459244532803183
0 0.6569955268389662 0.2952286282306163 0.13754970178926443 0.30815109343936387
0 0.5479622266401591 0.11928429423459244 0.058151093439363775 0.11133200795228629
0 0.5132952286282306 0.041749502982107355 0.03578528827037772 0.055666003976143144
1 0.3880467196819086 0.04572564612326043 0.029075546719681922 0.05566600397614313
1 0.435574055666004 0.061630218687872766 0.030193836978131258 0.03976143141153082
