1 0.35785288270377735 0.8429423459244532 0.15208747514910537 0.31411530815109345
1 0.3550571570576541 0.2544731610337972 0.0682157057654075 0.07952286282306162
1 0.43613320079522866 0.17892644135188868 0.06486083499005972 0.09940357852882703
1 0.544607355864811 0.24453280318091453 0.06262425447316097 0.11928429423459243
1 0.4875745526838966 0.10934393638170974 0.06038767395626245 0.06759443339960237
1 0.5295104373757455 0.06063618290258448 0.041376739562624394 0.06958250497017891
1 0.38916500994035785 0.047713717693836984 0.024602385685884656 0.05964214711729623
1 0.422713717693837 0.04572564612326044 0.03131212723658052 0.047713717693836984
1 0.474155069582505 0.06262425447316103 0.024602385685884656 0.041749502982107355
0 0.6938991053677932 0.31312127236580517 0.11294731610337977 0.2047713717693837
0 0.6094681908548709 0.16600397614314116 0.10288270377733603 0.1411530815109344
