1 0.2678305168986084 0.6819085487077535 0.12413021868787276 0.2783300198807157
1 0.5820700795228629 0.7872763419483101 0.19793737574552694 0.38170974155069587
1 0.5205641153081512 0.3399602385685884 0.1017644135188867 0.17892644135188868
1 0.39196073558648115 0.24254473161033793 0.059269383697813115 0.1033797216699801
1 0.44563866799204777 0.17296222664015903 0.052559642147117384 0.09145129224652088
1 0.6016401590457258 0.18190854870775347 0.08946322067594437 0.2047713717693837
1 0.3886058648111332 0.06958250497017893 0.03019383697813119 0.06361829025844931
1 0.4277460238568589 0.07554671968190854 0.02795725646123259 0.05168986083499006
1 0.4797465208747515 0.03777335984095428 0.022365805168986057 0.05964214711729623
1 0.42215457256461236 0.025844930417495027 0.034666998011928456 0.04373757455268389
