1 0.37965954274353875 0.7067594433399603 0.12636679920477134 0.3359840954274354
1 0.5395750497017893 0.26938369781312127 0.05479622266401599 0.18886679920477134
1 0.3628851888667992 0.24155069582504968 0.05703280318091451 0.14910536779324055
1 0.42774602385685884 0.16699801192842942 0.04808648111332012 0.1073558648111332
1 0.4803056660039762 0.09840954274353876 0.02795725646123259 0.073558648111332
1 0.5311878727634195 0.07952286282306162 0.03131212723658052 0.07554671968190854
1 0.42774602385685884 0.05765407554671968 0.03690357852882706 0.0636182902584493
1 0.4708001988071571 0.05268389662027832 0.029075546719681853 0.04572564612326044
0 0.6788021868787277 0.29821073558648115 0.09840954274353891 0.194831013916501
0 0.59493041749503 0.16699801192842942 0.07380715705765403 0.1550695825049702
