1 0.3421968190854871 0.31312127236580517 0.06933399602385691 0.11729622266401592
1 0.5446073558648112 0.8767395626242545 0.18116302186878733 0.246520874751491
1 0.5222415506958251 0.3707753479125248 0.0827534791252485 0.13320079522862824
1 0.6894259443339961 0.5377733598409543 0.12860337972166996 0.18091451292246524
1 0.49428429423459247 0.19582504970178924 0.06038767395626245 0.08946322067594434
1 0.41097166998011936 0.18389662027833004 0.034666998011928456 0.10934393638170974
1 0.4350149105367794 0.11232604373757456 0.04920477137176938 0.06163021868787275
1 0.4271868787276343 0.0536779324055666 0.026838966202783254 0.03578528827037773
1 0.39643389662027834 0.04572564612326044 0.02795725646123259 0.04373757455268389
0 0.5966078528827038 0.1650099403578529 0.11965705765407549 0.15904572564612326
