1 0.38581013916501 0.8270377733598409 0.13643141153081514 0.33399602385685895
1 0.630156560636183 0.44532803180914515 0.11294731610337969 0.1590457256461233
1 0.49092942345924456 0.17296222664015906 0.044731610337972114 0.07157057654075548
1 0.5166500994035785 0.13220675944333996 0.03354870775347905 0.05367793240556661
1 0.4797465208747515 0.11431411530815108 0.05144135188866798 0.06163021868787277
1 0.38581013916500995 0.09642147117296222 0.03578528827037772 0.10139165009940357
1 0.4283051689860835 0.07554671968190854 0.026838966202783324 0.0636182902584493
1 0.4668861829025845 0.06163021868787275 0.02795725646123266 0.05168986083499005
0 0.6072316103379722 0.17495029821073557 0.10511928429423463 0.22266401590457258
0 0.9003479125248509 0.7852882703777335 0.19930417495029815 0.42942345924453285
