1 0.36008946322067603 0.8836978131212723 0.18339960238568587 0.23260437375745524
1 0.3466699801192843 0.2813121272365805 0.06038767395626245 0.16898608349900598
1 0.4215954274353877 0.19582504970178924 0.044731610337972114 0.12127236580516897
1 0.5457256461232605 0.24254473161033796 0.05591451292246518 0.11928429423459243
1 0.4797465208747515 0.10337972166998012 0.03578528827037772 0.05566600397614316
1 0.5244781312127237 0.0775347912524851 0.04696819085487064 0.05168986083499006
1 0.4283051689860835 0.055666003976143144 0.01789264413518886 0.047713717693836984
1 0.47024105367793245 0.05765407554671968 0.02795725646123259 0.011928429423459237
1 0.3958747514910537 0.046719681908548714 0.03802186878727632 0.08946322067594434
0 0.6916625248508946 0.3399602385685885 0.09281809145129223 0.23459244532803183
0 0.6016401590457257 0.15904572564612326 0.0782803180914513 0.12326043737574553
