1 0.2879597415506958 0.5755467196819085 0.1017644135188867 0.2485089463220676
1 0.5585859840954275 0.6888667992047713 0.15991550695825046 0.2882703777335985
1 0.5160909542743539 0.3091451292246521 0.08163518886679924 0.17296222664015906
1 0.39811133200795235 0.23359840954274355 0.058151093439363845 0.12524850894632208
1 0.44843439363817095 0.1650099403578529 0.06038767395626245 0.07554671968190857
1 0.39363817097415504 0.0636182902584493 0.029075546719681922 0.04771371769383698
1 0.4249502982107356 0.07157057654075548 0.024602385685884656 0.039761431411530816
1 0.4791873757455269 0.03777335984095427 0.023484095427435393 0.03180914512922465
1 0.41768141153081517 0.02982107355864811 0.03690357852882698 0.04373757455268389
0 0.6061133200795229 0.18588469184890655 0.10288270377733597 0.2286282306163022
