1 0.2404324055666004 0.21371769383697814 0.07380715705765407 0.1371769383697813
1 0.36344433399602394 0.1650099403578529 0.06038767395626245 0.1033797216699801
1 0.4847788270377734 0.16003976143141152 0.06821570576540757 0.0775347912524851
1 0.4249502982107356 0.09642147117296222 0.05591451292246518 0.0775347912524851
0 0.5943712723658052 0.17992047713717693 0.10847415506958243 0.18489065606361826
0 0.5188866799204771 0.08449304174950299 0.03354870775347919 0.0775347912524851
0 0.24266898608349904 0.055666003976143144 0.05815109343936381 0.09940357852882703
0 0.03410785288270378 0.26143141153081506 0.0547962226640159 0.2127236580516898
1 0.30641153081510936 0.06262425447316103 0.038021868787276286 0.06560636182902585
0 0.47806908548707755 0.09244532803180915 0.03690357852882706 0.05367793240556659
